  0  00    0  0000 0000  NUL	 32  20   40  0010 0000  ' '	 64  40  100  0100 0000  @  	 96  60  140  0110 0000  `  
  1  01    1  0000 0001  SOH	 33  21   41  0010 0001  !  	 65  41  101  0100 0001  A  	 97  61  141  0110 0001  a  
  2  02    2  0000 0010  STX	 34  22   42  0010 0010  "  	 66  42  102  0100 0010  B  	 98  62  142  0110 0010  b  
  3  03    3  0000 0011  ETX	 35  23   43  0010 0011  #  	 67  43  103  0100 0011  C  	 99  63  143  0110 0011  c  
  4  04    4  0000 0100  EOT	 36  24   44  0010 0100  $  	 68  44  104  0100 0100  D  	100  64  144  0110 0100  d  
  5  05    5  0000 0101  ENQ	 37  25   45  0010 0101  %  	 69  45  105  0100 0101  E  	101  65  145  0110 0101  e  
  6  06    6  0000 0110  ACK	 38  26   46  0010 0110  &  	 70  46  106  0100 0110  F  	102  66  146  0110 0110  f  
  7  07    7  0000 0111  BEL	 39  27   47  0010 0111  '  	 71  47  107  0100 0111  G  	103  67  147  0110 0111  g  
  8  08   10  0000 1000  BS 	 40  28   50  0010 1000  (  	 72  48  110  0100 1000  H  	104  68  150  0110 1000  h  
  9  09   11  0000 1001  TAB	 41  29   51  0010 1001  )  	 73  49  111  0100 1001  I  	105  69  151  0110 1001  i  
 10  0A   12  0000 1010  LF 	 42  2A   52  0010 1010  *  	 74  4A  112  0100 1010  J  	106  6A  152  0110 1010  j  
 11  0B   13  0000 1011  VT 	 43  2B   53  0010 1011  +  	 75  4B  113  0100 1011  K  	107  6B  153  0110 1011  k  
 12  0C   14  0000 1100  FF 	 44  2C   54  0010 1100  ,  	 76  4C  114  0100 1100  L  	108  6C  154  0110 1100  l  
 13  0D   15  0000 1101  CR 	 45  2D   55  0010 1101  -  	 77  4D  115  0100 1101  M  	109  6D  155  0110 1101  m  
 14  0E   16  0000 1110  SO 	 46  2E   56  0010 1110  .  	 78  4E  116  0100 1110  N  	110  6E  156  0110 1110  n  
 15  0F   17  0000 1111  SI 	 47  2F   57  0010 1111  /  	 79  4F  117  0100 1111  O  	111  6F  157  0110 1111  o  
 16  10   20  0001 0000  DLE	 48  30   60  0011 0000  0  	 80  50  120  0101 0000  P  	112  70  160  0111 0000  p  
 17  11   21  0001 0001  DC1	 49  31   61  0011 0001  1  	 81  51  121  0101 0001  Q  	113  71  161  0111 0001  q  
 18  12   22  0001 0010  DC2	 50  32   62  0011 0010  2  	 82  52  122  0101 0010  R  	114  72  162  0111 0010  r  
 19  13   23  0001 0011  DC3	 51  33   63  0011 0011  3  	 83  53  123  0101 0011  S  	115  73  163  0111 0011  s  
 20  14   24  0001 0100  DC4	 52  34   64  0011 0100  4  	 84  54  124  0101 0100  T  	116  74  164  0111 0100  t  
 21  15   25  0001 0101  NAK	 53  35   65  0011 0101  5  	 85  55  125  0101 0101  U  	117  75  165  0111 0101  u  
 22  16   26  0001 0110  SYN	 54  36   66  0011 0110  6  	 86  56  126  0101 0110  V  	118  76  166  0111 0110  v  
 23  17   27  0001 0111  ETB	 55  37   67  0011 0111  7  	 87  57  127  0101 0111  W  	119  77  167  0111 0111  w  
 24  18   30  0001 1000  CAN	 56  38   70  0011 1000  8  	 88  58  130  0101 1000  X  	120  78  170  0111 1000  x  
 25  19   31  0001 1001  EM 	 57  39   71  0011 1001  9  	 89  59  131  0101 1001  Y  	121  79  171  0111 1001  y  
 26  1A   32  0001 1010  SUB	 58  3A   72  0011 1010  :  	 90  5A  132  0101 1010  Z  	122  7A  172  0111 1010  z  
 27  1B   33  0001 1011  ESC	 59  3B   73  0011 1011  ;  	 91  5B  133  0101 1011  [  	123  7B  173  0111 1011  {  
 28  1C   34  0001 1100  FS 	 60  3C   74  0011 1100  <  	 92  5C  134  0101 1100  \  	124  7C  174  0111 1100  |  
 29  1D   35  0001 1101  GS 	 61  3D   75  0011 1101  =  	 93  5D  135  0101 1101  ]  	125  7D  175  0111 1101  }  
 30  1E   36  0001 1110  RS 	 62  3E   76  0011 1110  >  	 94  5E  136  0101 1110  ^  	126  7E  176  0111 1110  ~  
 31  1F   37  0001 1111  US 	 63  3F   77  0011 1111  ?  	 95  5F  137  0101 1111  _  	127  7F  177  0111 1111
